0.47952
1.49045
0.322151
0.19329
0.110615
1.48474
1.86676
0.63917
1.03772
0.439037
1.13808
1.88558
1.52238
0.758907
0.673381
0.171054
0.460704
0.917987
0.586143
1.20137
1.67404
0.730969
0.518862
0.441888
0.12886
0.470967
0.549652
0.0917987
0.727548
1.82286
1.2715
0.167062
0.784565
0.642591
0.80053
0.708732
1.84567
0.217808
1.73619
0.945926
1.7476
0.452722
1.8126
0.0724127
0.44702
0.899742
1.79948
0.986409
0.976716
1.13294
0.401976
1.564
1.44369
1.54233
0.679653
0.0963602
1.64668
1.27093
0.620354
0.435616
1.71909
1.27834
0.819346
1.59023
1.25154
0.298773
0.321581
1.36672
0.355791
1.67404
1.38952
0.121448
2.0572
1.55431
1.06908
0.183027
1.82514
2.21799
0.892329
2.38335
0.277107
0.935093
2.29383
0.148817
0.565047
1.85707
2.11308
1.81602
0.420221
2.52304
0.243466
1.31711
1.6558
0.131711
0.916847
1.32623
1.61703
1.5851
0.864961
2.00874
1.70939
1.20764
0.0610091
1.46479
0.420792
1.9808
0.738381
1.93576
0.89347
2.0076
1.8394
1.86448
0.663117
2.10396
1.60163
0.526845
0.843294
0.403686
1.06908
1.50185
1.86562
1.45681
0.0467546
0.240045
0.660267
1.95457
1.0497
1.95913
1.66606
1.78238
1.04229
1.86391
0.89518
1.69685
0.119737
0.0393423
0.445309
1.21334
0.816495
2.06633
0.118597
0.758337
0.604389
1.14264
0.598687
0.9579
1.86847
0.824478
1.69628
0.229782
1.27378
0.935663
0.653995
2.1376
0.95733
1.20365
0.565617
0.89347
1.12781
1.57255
1.66264
0.25601
0.277107
1.93119
1.25553
0.848996
0.312458
1.40378
1.9922
1.81317
2.01102
0.322721
0.0216668
0.967023
1.74075
0.83075
0.293642
1.60448
1.9369
0.114606
2.16782
1.58339
1.58225
0.731539
0.718995
0.933382
1.98365
0.60667
0.795969
0.145966
0.730969
0.817066
0.802811
0.12886
1.52808
0.687635
1.86847
1.46251
0.886057
1.0115
2.02926
0.885487
2.22084
1.16601
1.04856
0.685925
0.636319
1.35988
1.55032
0.753776
0.289651
1.15689
0.35123
1.28917
0.527985
1.94659
0.888338
1.29773
0.271405
1.38496
0.181317
0.144255
0.551363
0.000570178
0.919128
1.64668
0.9904
0.244036
2.09084
0.154518
1.83426
1.85992
1.02746
0.971014
1.12724
1.07593
1.85194
0.95733
1.76812
0.00513161
0.802811
1.61418
0.742372
0.165352
1.14435
0.63974
0.801671
1.87361
0.359783
0.316449
1.57825
0.99097
1.91409
0.878645
1.56115
2.05435
1.68545
1.57939
2.01501
1.35189
2.02812
0.429915
1.95742
1.4397
1.0115
1.61246
0.686495
1.21619
0.147676
1.72821
0.691626
0.86211
2.0897
0.263993
1.28575
1.15005
0.945356
0.787987
0.54452
0.284519
0.713863
0.557064
1.629
1.39009
1.10444
1.76185
1.38952
1.63014
0.557064
0.35123
0.915136
0.468116
1.58453
0.197852
1.45338
1.92606
1.40321
0.573599
0.0399125
0.915136
1.18483
1.80975
1.04514
0.844434
1.23159
1.8947
1.06851
1.75729
0.691056
1.50926
0.47895
1.60391
0.22408
1.78124
1.28233
0.7361
0.933952
0.168773
0.651714
0.695047
1.5908
0.656275
1.93176
0.972154
1.09588
0.550792
1.08676
1.23444
1.32623
1.80975
0.911715
0.664258
1.60562
0.610091
0.86382
0.341537
0.292502
0.263993
0.0815355
0.86325
1.45167
1.7858
1.67518
0.0433336
0.278817
0.145395
1.56742
1.02974
1.21505
1.12496
0.7361
1.5429
1.11356
1.33821
1.3422
1.55773
1.10672
0.83189
0.742372
1.50014
0.616363
0.99211
1.06908
1.4454
1.45224
0.874654
1.02119
1.29944
1.46308
1.01492
0.38202
1.10387
1.48531
1.41575
1.07536
0.130001
0.2543
1.45567
0.709302
1.02062
0.813074
1.77154
1.32509
0.667109
0.943075
1.20764
1.25952
0.370046
1.15461
0.57474
0.312458
1.82115
0.775443
0.912285
2.14216
1.53492
1.57768
0.688776
0.837022
0.57588
0.180176
0.115176
1.93747
0.503468
0.213247
1.2886
1.09987
1.24926
0.148817
1.18369
1.41005
1.77725
0.300484
1.8297
1.41689
0.937943
0.114606
0.835311
1.7647
2.07716
0.451581
1.9158
0.280528
0.565047
0.173904
0.330703
0.293642
0.758337
0.882636
0.921408
1.19623
1.78922
0.822197
1.36273
0.177896
0.110615
0.484081
0.514301
1.77154
1.34619
0.673381
1.06167
0.252019
0.654565
1.96598
1.25211
0.784565
1.69172
0.412809
1.01207
0.840443
0.534257
2.0783
0.513161
0.879215
1.88558
0.786276
0.172764
0.130571
0.615223
0.226361
1.62501
0.880926
0.297633
0.705311
1.14549
1.71795
1.46308
1.57882
0.200703
0.473248
0.886057
0.472678
1.86505
2.05606
1.66321
1.51439
0.200703
0.559915
1.90326
0.275396
1.46194
1.78238
0.778294
0.0764039
1.24014
1.17115
0.611801
1.24869
0.238335
1.10786
1.18198
0.0849566
2.03725
1.5583
1.47904
0.432765
1.55659
1.84681
0.553073
1.33593
1.60106
0.570178
0.0752636
1.15746
0.709302
0.870662
0.537678
0.769171
1.80347
1.36786
0.458423
1.08505
1.29773
0.89404
1.78637
1.72308
0.257721
1.56685
1.43742
1.2447
1.42088
0.0917987
1.02119
0.944215
0.772592
0.933952
1.72536
1.24527
1.73106
0.76803
1.8394
0.934522
1.91409
0.815355
1.51781
1.48417
0.413379
0.363204
1.70198
1.29431
0.761758
1.14036
0.951058
1.08106
1.87703
1.00808
1.33023
0.57645
1.10215
0.838162
0.133422
0.54338
1.39352
1.19395
0.875224
1.73334
0.945356
1.31426
1.87076
0.770311
1.14036
0.707021
1.07878
0.749214
0.485792
0.372327
1.87418
0.596407
0.368335
0.391142
0.643161
0.695618
0.188159
0.86154
0.273115
0.0125439
1.79036
0.301054
1.64896
1.23615
0.524564
1.75558
0.847855
0.823908
0.150527
1.21334
0.769171
0.139694
0.76803
0.778294
0.996672
1.74931
1.60505
1.5908
1.83027
1.41689
0.834171
1.37413
1.39352
1.85878
0.267984
0.717855
1.87475
0.362063
0.189299
0.937943
0.537678
1.58053
0.561056
0.683644
1.22702
0.803381
1.79435
0.947066
0.611231
1.00579
1.90782
0.876934
1.21049
1.19224
0.95904
1.27378
0.169913
1.07479
1.84168
1.77383
1.33536
1.64839
1.39979
0.328423
1.54461
0.380879
1.31939
1.15062
0.362633
1.50242
0.89347
1.04856
1.43571
0.362633
0.627766
0.783995
0.444739
0.38202
1.62216
0.348379
0.750925
1.76755
0.0792548
0.451581
1.2772
1.89356
1.71795
0.898031
1.95286
0.148817
2.06177
0.364914
0.38373
0.279387
1.11014
1.11926
0.180747
1.66549
0.803381
0.721276
1.6997
1.26066
2.00418
1.07764
1.79834
1.02461
1.28233
0.0843864
0.229782
0.106053
1.93405
1.30628
0.780004
0.00912285
0.714434
2.04751
0.0860969
2.10453
2.06861
1.48703
0.681933
1.7379
1.80633
1.67632
1.03715
1.04799
0.419651
2.01387
0.343247
0.00285089
2.07146
1.63641
0.513731
0.194431
0.104343
0.331844
0.163641
1.49615
1.08391
1.04856
0.358072
0.181317
1.52637
0.106053
0.0758337
0.401406
1.8947
1.24014
0.0946496
1.03887
0.83189
0.729258
0.809653
0.534257
1.85536
0.0843864
0.887768
0.950487
0.125439
0.656275
1.22303
1.41746
1.13523
1.21505
1.64553
1.16716
1.14663
0.266843
0.632328
1.86049
0.76746
0.0165352
0.822767
0.248028
1.18084
1.39352
1.01093
1.5372
0.802811
0.64031
1.72137
0.346098
0.923689
1.39009
0.908864
0.762329
1.48417
0.389432
0.912285
0.688205
0.51031
1.56799
1.16487
0.449301
1.2829
1.10957
0.0119737
0.122018
1.83141
1.62558
1.02347
1.15632
0.60667
1.38553
1.16659
0.622635
1.30913
1.79948
0.533687
1.84567
1.55488
1.89812
1.89242
1.56343
0.802811
0.698469
0.202984
0.738381
1.1683
1.43058
1.89128
1.54575
0.919128
0.57531
0.615223
0.968163
1.6233
2.02413
1.58567
0.0661407
1.96826
1.77497
0.326142
1.63413
1.4933
0.742372
1.80461
0.840443
0.185878
0.51088
1.19053
0.12658
1.57996
0.631188
0.297633
0.646582
0.99211
1.39466
1.27435
0.306756
1.87076
1.0822
1.39352
1.65181
1.76071
0.163641
0.419081
1.48132
0.95961
1.70483
1.11698
1.239
1.07992
0.489783
1.17685
0.906584
1.08334
1.63128
1.98992
0.838732
1.51553
1.75102
0.709302
0.910575
0.910575
0.847855
0.392283
0.460134
1.81545
0.0712723
0.887768
1.33707
1.44141
0.520003
1.41119
0.179036
1.74703
1.38154
1.61246
1.34619
0.596407
1.13922
1.86619
1.16659
0.0746934
0.476099
1.41632
0.579301
0.376318
1.33365
1.40093
1.50356
0.7361
0.687635
1.68146
1.07821
0.0439037
1.78181
1.55488
0.245747
1.95799
1.08505
1.76413
0.626626
0.0741232
0.387721
1.73106
0.386581
0.457853
0.583293
1.71852
1.73562
0.7036
0.283379
1.15974
1.2504
1.91751
1.94716
0.267984
1.72935
0.311888
1.68944
0.554213
0.119737
1.61646
0.0142545
1.19794
1.44141
0.964172
1.57882
1.74418
0.686495
1.10558
0.0370616
1.35702
1.70312
1.02347
1.84738
0.557634
1.08163
0.025658
1.32281
1.76527
1.67347
0.200703
1.50356
1.80347
1.22075
0.960751
1.87019
0.0142545
0.804522
1.95685
1.20593
0.0746934
1.38439
1.03316
2.03896
1.46536
0.708162
0.491494
0.0188159
0.326712
1.81146
1.01606
1.21676
1.56913
1.07422
0.0296493
1.67347
2.02356
1.41005
1.50413
2.06405
2.13304
2.38392
1.39466
0.277677
1.35189
0.424213
0.0821057
0.038202
1.40663
1.57939
1.91751
1.04514
1.49159
0.326712
1.36444
0.260572
1.06338
0.673951
1.23843
0.625486
0.491494
0.328423
0.860399
0.132852
1.6558
0.0153948
1.03829
1.62216
0.598117
0.909435
1.32281
0.880926
0.0610091
1.79834
0.770311
0.640881
1.37527
0.28908
0.0729828
0.099211
1.17058
1.4722
0.212677
1.71738
0.436186
1.28233
0.460134
1.14606
1.42031
