001110010110 1 2 3 674458995
101100101101 1 2 3 3603858113
001001110001 1 2 3 1832557914
000101111001 1 2 3 2670134214
000011010110 1 2 3 348347756
101101011000 1 2 3 2788231985
111000000001 1 2 3 3787896777
010011011101 1 2 3 2574130219
011111101110 1 2 3 3508566305
001101011100 1 2 3 2449660417
100010110110 1 2 3 3933833981
111000101011 1 2 3 3789800206
101110110000 1 2 3 1787792676
010111001100 1 2 3 3363261235
010100100110 1 2 3 939441042
000101001010 1 2 3 1407106544
001110111000 1 2 3 526431205
011110001111 1 2 3 1022157537
010011010110 1 2 3 3435141135
100111101100 1 2 3 1451832034
110111011011 1 2 3 1963287526
011000001111 1 2 3 2422756845
010001001000 1 2 3 1401247342
001110100011 1 2 3 3767209888
000011100111 1 2 3 3943536110
001110011111 1 2 3 1319772131
010000110111 1 2 3 1726475402
000011000000 1 2 3 3133618664
010111000000 1 2 3 2309727426
111011111100 1 2 3 2692224220
100101101111 1 2 3 845552675
000101011111 1 2 3 3739130096
011010000011 1 2 3 2522862937
010101001111 1 2 3 2895668722
011010011100 1 2 3 1589822285
010111011000 1 2 3 1430542595
111100110111 1 2 3 3776269527
000111001011 1 2 3 67560837
111001011000 1 2 3 2505938459
011111010010 1 2 3 2130798946
111001110001 1 2 3 3061621592
001111000001 1 2 3 776197604
111010011100 1 2 3 1569175596
000010001010 1 2 3 1193140703
001101101000 1 2 3 1250529250
011100100111 1 2 3 1209372631
111001010010 1 2 3 3502286095
100000100100 1 2 3 887106413
100000010001 1 2 3 4233644478
100101011010 1 2 3 4208885488
001101010001 1 2 3 3287089856
110011101110 1 2 3 1456658812
101111110001 1 2 3 3271250231
110010111111 1 2 3 1424211214
010110011111 1 2 3 4184955381
000011001001 1 2 3 3697167224
110110100101 1 2 3 1347743282
101010001000 1 2 3 414707583
010100011110 1 2 3 2930311552
001101110100 1 2 3 2702235762
110101011000 1 2 3 300567847
100100000111 1 2 3 3107190131
011000110010 1 2 3 779776670
110000001001 1 2 3 4172607772
100101111011 1 2 3 2941586963
001001000001 1 2 3 2194105064
001001110011 1 2 3 1577970670
101001101100 1 2 3 2513798811
001010110001 1 2 3 2459310396
110010101001 1 2 3 4209498506
101010001001 1 2 3 142923855
000011101010 1 2 3 3135393071
111110100001 1 2 3 150619926
101111000011 1 2 3 506583089
100000001010 1 2 3 62125563
000101010010 1 2 3 2402369585
110001010100 1 2 3 3143203487
110111100010 1 2 3 4234276548
010101100000 1 2 3 2348321876
111001101010 1 2 3 1234640669
000110101000 1 2 3 3674015985
010110011110 1 2 3 3913445061
111100101111 1 2 3 1039839510
000100011110 1 2 3 1990870243
010001001001 1 2 3 1136025950
111000010001 1 2 3 1266880424
111111001101 1 2 3 3034121239
100001111011 1 2 3 1144706650
001000000110 1 2 3 787636766
111010011001 1 2 3 2059543885
000101110010 1 2 3 3397978082
100001101111 1 2 3 3641295978
110110001011 1 2 3 1728524452
000100011000 1 2 3 1928042502
011101001000 1 2 3 3610414418
101001010111 1 2 3 797342989
110001100010 1 2 3 1357208008
110000011110 1 2 3 1183031976
011010011111 1 2 3 2110161609
110111010100 1 2 3 400412051
100111010010 1 2 3 3416216597
011010011000 1 2 3 1773431068
000001000001 1 2 3 3978256797
101000101101 1 2 3 1033984648
001100101111 1 2 3 3871117076
111100011000 1 2 3 3329598833
010110100100 1 2 3 1126343267
111011010011 1 2 3 2266561914
011011011101 1 2 3 4139130718
111101011101 1 2 3 1501025075
111000000000 1 2 3 4059398393
111000101111 1 2 3 3600116063
010100001101 1 2 3 669579365
111111001010 1 2 3 2695622594
110000101101 1 2 3 2323258526
010000000101 1 2 3 3123537292
011001101011 1 2 3 1524716364
001100010001 1 2 3 2074798563
100000101011 1 2 3 1446544664
101110000001 1 2 3 2504082854
111001000100 1 2 3 2126823819
101100101110 1 2 3 4123706181
000001011010 1 2 3 318037464
000111010110 1 2 3 4289496357
010100000110 1 2 3 1917254721
111011010110 1 2 3 2690474011
100000000111 1 2 3 1381772602
110110000101 1 2 3 367831521
110010001000 1 2 3 2943134057
110110000010 1 2 3 27148852
011111110100 1 2 3 1056502356
111001000010 1 2 3 2055544174
011011010100 1 2 3 2419027406
110011111000 1 2 3 4174822904
000011101000 1 2 3 2312453019
000001001101 1 2 3 2898497132
001101101111 1 2 3 1593533495
100100100010 1 2 3 3687722945
011001000001 1 2 3 1522804619
111111001111 1 2 3 2280551075
000011101010 1 2 3 3135393071
010111010001 1 2 3 870132627
010010010010 1 2 3 1139890557
100010111101 1 2 3 3218575065
010011010110 1 2 3 3435141135
011100111000 1 2 3 2156435907
110101010011 1 2 3 1145325827
010011110000 1 2 3 2369356601
101100110100 1 2 3 437405744
000110111101 1 2 3 1476210161
101000010011 1 2 3 2696363135
011101111011 1 2 3 466301796
010100110100 1 2 3 2928440647
111111110111 1 2 3 515492017
011101001100 1 2 3 3762562819
100100101111 1 2 3 2317481728
010001010001 1 2 3 2673450143
011011010000 1 2 3 2807678879
100010000101 1 2 3 645936331
101111101000 1 2 3 237476806
110010101111 1 2 3 4272293231
000111110001 1 2 3 2925930787
001000011100 1 2 3 3240814955
111011000001 1 2 3 510276527
100110011101 1 2 3 285217091
011001111101 1 2 3 4108662728
001001100010 1 2 3 3833291967
101010001010 1 2 3 729848267
111101000010 1 2 3 2448082215
110111011011 1 2 3 1963287526
111101100111 1 2 3 4078378901
001001101111 1 2 3 3046423678
000000101001 1 2 3 1716160717
011101101010 1 2 3 2713566261
110101010110 1 2 3 1661064290
011001011011 1 2 3 3038555390
001000111111 1 2 3 2811686716
110001001111 1 2 3 1152567002
111011010001 1 2 3 3023014862
000011011111 1 2 3 1918513148
111101110011 1 2 3 1847856549
101111001100 1 2 3 2095674948
101111111100 1 2 3 2467596790
010110000001 1 2 3 568293585
010101110100 1 2 3 382443108
011100001010 1 2 3 1547833541
111011101001 1 2 3 762851804
010010010111 1 2 3 1689568284
011000001101 1 2 3 2740921177
000100011010 1 2 3 1104998066
010110001100 1 2 3 1882234896
011000101110 1 2 3 3319997710
011000000101 1 2 3 3589629689
000011111000 1 2 3 596673530
101101110111 1 2 3 2169627287
010101010011 1 2 3 1191260770
110100000101 1 2 3 1376241316
101100011011 1 2 3 1030922646
011011000000 1 2 3 219971582
011110110010 1 2 3 2197734802
111101110010 1 2 3 2115451541
011010111011 1 2 3 252211019
111111110011 1 2 3 701457120
011110010001 1 2 3 3829580741
011111101010 1 2 3 3864449904
010100101010 1 2 3 1981961315
010011000110 1 2 3 1720033390
100011101101 1 2 3 2916474267
100111000100 1 2 3 1704669329
010110100100 1 2 3 1126343267
001000101111 1 2 3 231954269
100000110011 1 2 3 2329376985
001010101110 1 2 3 1510674216
100110110111 1 2 3 287663492
001111100100 1 2 3 1287524182
110100110011 1 2 3 3116099059
011011000101 1 2 3 710533791
100111010011 1 2 3 3685507877
001000001101 1 2 3 2069653050
101010011101 1 2 3 2511850111
000101011110 1 2 3 3471683520
000100010111 1 2 3 271791731
010000111100 1 2 3 860481710
000000000000 1 2 3 1164688782
011100001100 1 2 3 1476643872
110010011011 1 2 3 640503948
011110010011 1 2 3 3614815601
000111011010 1 2 3 3195038420
111111111101 1 2 3 1529150373
000100101101 1 2 3 3126065877
111000001010 1 2 3 3026760685
111000111101 1 2 3 1340581770
011111001100 1 2 3 2813282374
011101100011 1 2 3 3341078181
011111011011 1 2 3 429399026
100000110010 1 2 3 2598653929
111000101001 1 2 3 3537155514
011101010001 1 2 3 468600739
110110000110 1 2 3 921233509
000000001000 1 2 3 868349998
011000100001 1 2 3 2805697403
110001011111 1 2 3 4009197243
010110101001 1 2 3 315456162
000100111111 1 2 3 589378560
100011001001 1 2 3 3743100953
010011100110 1 2 3 591259581
011000100010 1 2 3 2218773247
111001011001 1 2 3 2238619947
001011000101 1 2 3 4066027516
001001101100 1 2 3 2526084602
101110100100 1 2 3 4156333844
011100110001 1 2 3 3859934035
111001011110 1 2 3 2434550526
011010011110 1 2 3 1844819449
101111100001 1 2 3 1757342038
111110111010 1 2 3 4145150803
110011100100 1 2 3 324004456
110000010111 1 2 3 538628152
111101110100 1 2 3 2052515440
101001010110 1 2 3 1068845629
111101101011 1 2 3 2999709796
001101001011 1 2 3 741706165
111011111001 1 2 3 2268957117
101100000101 1 2 3 3856433330
011110111100 1 2 3 4027931863
110001100001 1 2 3 1944131660
010100111010 1 2 3 3697798146
100101001100 1 2 3 1423579764
000100011111 1 2 3 1721332691
110100111100 1 2 3 3680717702
010101001101 1 2 3 2679051078
011010011010 1 2 3 1518542760
111111111110 1 2 3 2015410721
000110110101 1 2 3 559376465
100111010111 1 2 3 3973761396
100011001011 1 2 3 3962324653
011100111100 1 2 3 3086889874
011000001001 1 2 3 2485750024
010000110010 1 2 3 1101165035
001001011011 1 2 3 1830807965
010111100101 1 2 3 3948314224
010010010101 1 2 3 1468248744
110101111010 1 2 3 1734704192
101101111111 1 2 3 4160464695
100100011101 1 2 3 1458273798
111010011011 1 2 3 1240814585
101100010011 1 2 3 1272505398
110100000111 1 2 3 1630580752
001111100001 1 2 3 1811649079
001011100100 1 2 3 2815547167
011110010000 1 2 3 4101108981
001111011111 1 2 3 4142789824
110100011010 1 2 3 2593837232
000110011110 1 2 3 826354598
110000001011 1 2 3 3414394792
111111000010 1 2 3 3590433378
101110010011 1 2 3 204704627
010010111010 1 2 3 1893948174
000001010001 1 2 3 1197136380
011100101101 1 2 3 227065027
100110010101 1 2 3 1739216099
111100000001 1 2 3 178876288
100010100000 1 2 3 1149103737
011011111100 1 2 3 2738712509
100100110001 1 2 3 1385158180
111011111011 1 2 3 3020619529
100011010100 1 2 3 615600313
110111000000 1 2 3 2330910627
010101011100 1 2 3 635018263
110001001000 1 2 3 1354771727
001111110101 1 2 3 4140335111
110100010001 1 2 3 3476346004
000110100111 1 2 3 3089475204
110101100011 1 2 3 2881074865
101010010010 1 2 3 4151272458
011000010011 1 2 3 2079392381
011110110101 1 2 3 2525769287
000101011111 1 2 3 3739130096
010001001100 1 2 3 1693711423
010010010001 1 2 3 1626675449
110100101011 1 2 3 1700010034
010101101100 1 2 3 3391382437
111111110011 1 2 3 701457120
100000001010 1 2 3 62125563
100100001110 1 2 3 3752495075
010001011010 1 2 3 3405224123
100011111010 1 2 3 333614639
101000110010 1 2 3 4114369692
101011110010 1 2 3 177260794
111011111000 1 2 3 2534325901
011110001000 1 2 3 681445684
010101110101 1 2 3 116959572
101110111011 1 2 3 1059162368
010100000101 1 2 3 1363328453
011100011111 1 2 3 3510777285
001011010010 1 2 3 1282274376
001001101010 1 2 3 2463179039
001000110001 1 2 3 3581769337
000010101011 1 2 3 311857468
011100101001 1 2 3 989730450
110000000100 1 2 3 2841323997
111011000101 1 2 3 689740286
110110101100 1 2 3 919444642
000001011011 1 2 3 46656232
001001010000 1 2 3 951184825
000100110001 1 2 3 1372237125
110011110110 1 2 3 2319262909
100001111100 1 2 3 1346911631
101000000110 1 2 3 766974335
100101001011 1 2 3 1084813729
010110111011 1 2 3 2344596599
110010111111 1 2 3 1424211214
100100110100 1 2 3 1976191813
101100001110 1 2 3 2960295062
101100010011 1 2 3 1272505398
110011100011 1 2 3 121438653
100100011111 1 2 3 1708918962
011011011111 1 2 3 3313592810
011000100011 1 2 3 2483879375
101111110101 1 2 3 4119722854
010100011101 1 2 3 2376941572
100000101101 1 2 3 1383684605
100010100000 1 2 3 1149103737
101111110100 1 2 3 3854486614
101101110001 1 2 3 2232434290
011100111110 1 2 3 2227782950
100001110010 1 2 3 581149898
101010111111 1 2 3 3812162328
110000011111 1 2 3 1454413208
100001100100 1 2 3 2359803982
001100101000 1 2 3 4073612481
100100100010 1 2 3 3687722945
110001000110 1 2 3 573289546
101101011100 1 2 3 2437390688
100001010011 1 2 3 1999164457
000100010001 1 2 3 343075478
001000010110 1 2 3 2226641535
110000000111 1 2 3 2321508441
010111011111 1 2 3 1094103766
011111010011 1 2 3 1865571922
011010111010 1 2 3 523982971
111010010011 1 2 3 1063196249
101011110110 1 2 3 1038508715
010101111101 1 2 3 1884482804
011111001010 1 2 3 2750321827
101000000010 1 2 3 448901934
101001110000 1 2 3 2118963467
001100001101 1 2 3 2419310195
100110001001 1 2 3 2352153459
010010111101 1 2 3 1687269595
001010010010 1 2 3 4096401259
111011001101 1 2 3 1605819486
011001101101 1 2 3 1587580841
011110001001 1 2 3 950877700
111101000100 1 2 3 2511018434
101110101000 1 2 3 3059773669
110000000111 1 2 3 2321508441
010100111110 1 2 3 3943777875
011001101001 1 2 3 1775642104
010001100101 1 2 3 1204996476
000101100000 1 2 3 1409009975
000011100000 1 2 3 4286545467
111011011111 1 2 3 3334738571
001111010111 1 2 3 2152182112
000110011111 1 2 3 561126550
100111100010 1 2 3 610446247
100001101011 1 2 3 4001328699
100110000011 1 2 3 3383636071
000100100001 1 2 3 4220458276
100100001111 1 2 3 3482955987
101010000001 1 2 3 2116984303
110110011000 1 2 3 3997616449
001001001100 1 2 3 3542661673
111000000110 1 2 3 4122237980
101011010110 1 2 3 2019435896
011100110000 1 2 3 4129479779
000011011111 1 2 3 1918513148
011001011101 1 2 3 2975690779
110110000100 1 2 3 98541265
111111100110 1 2 3 2765047776
001101110010 1 2 3 2773550231
111010101100 1 2 3 2994358174
001000011010 1 2 3 3312137614
010001010010 1 2 3 3160268059
000101010010 1 2 3 2402369585
001001110100 1 2 3 1249837115
001000101010 1 2 3 714525244
010111001001 1 2 3 4013086290
011011000000 1 2 3 219971582
011100001101 1 2 3 1211169552
100100100110 1 2 3 3971515792
110110101011 1 2 3 582973303
011001001101 1 2 3 454609018
101001110100 1 2 3 1228569434
000101011000 1 2 3 3400299301
000011011000 1 2 3 1713947689
001110111100 1 2 3 672537012
001111110010 1 2 3 3803868114
110110001111 1 2 3 1349622517
101001011000 1 2 3 1298060152
010100100110 1 2 3 939441042
100000100001 1 2 3 329627148
000111101010 1 2 3 1368233318
010011111001 1 2 3 3953193385
111011100000 1 2 3 1273054028
100110010111 1 2 3 1419584087
010111111011 1 2 3 871915348
110011110110 1 2 3 2319262909
001100100111 1 2 3 2417412788
011111000001 1 2 3 4131426439
011001110010 1 2 3 2520619453
010000010100 1 2 3 6023901
111111101100 1 2 3 3780277492
001111101100 1 2 3 974408438
011010111011 1 2 3 252211019
111001101010 1 2 3 1234640669
011000000011 1 2 3 3518282268
000101010010 1 2 3 2402369585
000011111111 1 2 3 937584687
010010110110 1 2 3 826258687
000011110111 1 2 3 1095249295
110001011000 1 2 3 4203058542
011010111001 1 2 3 1010768383
001000110101 1 2 3 3792428072
010101010110 1 2 3 1615113987
100011000100 1 2 3 2398415064
110100100111 1 2 3 612956099
101100111100 1 2 3 1824001424
110000010011 1 2 3 392985193
000101111100 1 2 3 3093470887
001110011111 1 2 3 1319772131
011011001011 1 2 3 1488092122
001110100001 1 2 3 3552344340
111001001001 1 2 3 791353674
111110011101 1 2 3 2799392597
110010111010 1 2 3 1940267119
101110010011 1 2 3 204704627
000110000110 1 2 3 3987658343
010001001111 1 2 3 1207418299
111010011000 1 2 3 1794183805
001000011010 1 2 3 3312137614
101100110010 1 2 3 508794069
110110100110 1 2 3 1934667702
010111110101 1 2 3 1091814929
000010010100 1 2 3 2679357691
100101111101 1 2 3 2870268662
100011111001 1 2 3 820432811
010010101101 1 2 3 3470002362
100110001100 1 2 3 2876677650
000111001111 1 2 3 862998484
100001001000 1 2 3 2294507628
100100010101 1 2 3 541146022
000010100100 1 2 3 1884176201
111110100011 1 2 3 1003303330
101111101100 1 2 3 961622423
101101010000 1 2 3 3499839121
001101010001 1 2 3 3287089856
101111110001 1 2 3 3271250231
111000100100 1 2 3 2201709947
010000111010 1 2 3 923284555
101000110101 1 2 3 3780028233
110000111110 1 2 3 54257019
010001011000 1 2 3 4190170639
000010010010 1 2 3 2616335390
011111100111 1 2 3 3082357681
010101101111 1 2 3 3911197217
011010101000 1 2 3 2252969646
010000011110 1 2 3 1170659785
010111100011 1 2 3 4011303573
111001001100 1 2 3 141460523
101100010010 1 2 3 1542181638
001111001010 1 2 3 2079183296
100011110100 1 2 3 1627985770
101010111001 1 2 3 3883476989
011011111101 1 2 3 3004061837
111000110001 1 2 3 238766203
110110100110 1 2 3 1934667702
001000011111 1 2 3 3794708719
110010011111 1 2 3 291240669
101111011101 1 2 3 3332372757
101001001100 1 2 3 3496853832
101111001011 1 2 3 1755028881
000010111111 1 2 3 2409988876
100001001011 1 2 3 2881956328
011111010010 1 2 3 2130798946
011001100011 1 2 3 743118572
011110111111 1 2 3 3541114195
111001000010 1 2 3 2055544174
101001001110 1 2 3 3814373372
111001011000 1 2 3 2505938459
011001011010 1 2 3 2771360718
111011101100 1 2 3 171814077
011110100001 1 2 3 197082231
111111010000 1 2 3 1332962487
011011000000 1 2 3 219971582
110010001011 1 2 3 2355685613
110000010010 1 2 3 123686233
001101101001 1 2 3 1522186450
001011111110 1 2 3 1208573034
111000011000 1 2 3 756710712
101010110000 1 2 3 2178962797
011001001010 1 2 3 258614191
100101101000 1 2 3 638908406
011111010111 1 2 3 1480913923
100011110011 1 2 3 1971059903
110011011010 1 2 3 2388233375
100000100101 1 2 3 617815133
101011111001 1 2 3 1597951198
010011000101 1 2 3 1166139882
100100011100 1 2 3 1188579638
011011110001 1 2 3 4073895804
000100011010 1 2 3 1104998066
010010000001 1 2 3 3400573080
101100010110 1 2 3 1822259543
100111010101 1 2 3 3756900288
011101000010 1 2 3 2460991046
111000011010 1 2 3 506268556
011111010000 1 2 3 1278615510
101011011110 1 2 3 250896600
111100010101 1 2 3 2543484336
011001100011 1 2 3 743118572
100101100101 1 2 3 2012950327
010111011010 1 2 3 1718824887
100011100111 1 2 3 3897093775
011000100111 1 2 3 2742704030
010000000000 1 2 3 2640902381
001100001110 1 2 3 3006791671
111110000010 1 2 3 1850097985
010011010111 1 2 3 3706924863
001011001111 1 2 3 3083310312
001100010101 1 2 3 1289503666
010100011100 1 2 3 2644408116
010110111100 1 2 3 2681036706
000110001000 1 2 3 2672119586
011100100111 1 2 3 1209372631
001001000000 1 2 3 2465486296
000000011001 1 2 3 2310502271
111011010110 1 2 3 2690474011
001001111110 1 2 3 266482479
110110100101 1 2 3 1347743282
100111000011 1 2 3 1911151428
010001010110 1 2 3 2334881610
111010000110 1 2 3 2992583513
011100000010 1 2 3 719869285
011011010000 1 2 3 2807678879
000100111100 1 2 3 2454916
101000000101 1 2 3 246634747
011001011010 1 2 3 2771360718
000100100110 1 2 3 4026400497
011001010100 1 2 3 3619947147
011001101101 1 2 3 1587580841
100000000010 1 2 3 1964617819
111001111000 1 2 3 3504722376
110101001011 1 2 3 2561389762
110100100110 1 2 3 884719859
111000000110 1 2 3 4122237980
101110111001 1 2 3 202833844
011011011110 1 2 3 3585236698
101101010110 1 2 3 3571094132
101110000011 1 2 3 2792764178
111101100010 1 2 3 3562177268
001000000111 1 2 3 1052857646
010111101011 1 2 3 2579359541
111101011010 1 2 3 1292187878
001011111011 1 2 3 1867301131
000110001111 1 2 3 2335679735
011111000101 1 2 3 3241556694
010001101111 1 2 3 38795880
110100010100 1 2 3 3899738613
010010100001 1 2 3 2399725387
010010100010 1 2 3 2886510287
100111101100 1 2 3 1451832034
011010101010 1 2 3 3044991002
111011001111 1 2 3 1820437226
011111011000 1 2 3 983325302
010100001101 1 2 3 669579365
100001001111 1 2 3 2628879289
111111000111 1 2 3 4047779587
011100111111 1 2 3 2499441174
100111111011 1 2 3 3904790870
100110101010 1 2 3 3935241508
011111101011 1 2 3 4133872704
101010001011 1 2 3 1001631483
000101100111 1 2 3 1200169698
100001111001 1 2 3 1997381870
111101000100 1 2 3 2511018434
111010100110 1 2 3 4159141002
101100001101 1 2 3 2474034450
110110011111 1 2 3 4197720724
101110001111 1 2 3 3886734563
001010110101 1 2 3 2782966637
110011001010 1 2 3 605828350
001100100110 1 2 3 2149973380
101011101001 1 2 3 4118508735
100101010010 1 2 3 2356427600
001011111100 1 2 3 2067671774
110001110111 1 2 3 3722804424
011100000100 1 2 3 782862720
100010001100 1 2 3 1075398235
101111100101 1 2 3 1606959879
001011111100 1 2 3 2067671774
010100101101 1 2 3 1649459126
011001111101 1 2 3 4108662728
001110101010 1 2 3 2249358640
001100100110 1 2 3 2149973380
110101100110 1 2 3 2365336528
001011100101 1 2 3 3085099055
011000110100 1 2 3 708554363
111010011111 1 2 3 2122578344
000010100101 1 2 3 1618806905
001111000100 1 2 3 151406725
101010000101 1 2 3 1230518206
111110000110 1 2 3 1496378128
111000101110 1 2 3 3332791919
011000111001 1 2 3 2077521594
111011011101 1 2 3 4126368831
000100100010 1 2 3 3633009824
111111001111 1 2 3 2280551075
001011001110 1 2 3 2817827800
001011110001 1 2 3 718402079
001000100010 1 2 3 1547472796
100001100010 1 2 3 2296781995
100010010100 1 2 3 2633415578
000101011011 1 2 3 3920114337
110011000011 1 2 3 1116030574
011000100000 1 2 3 3070803019
010110000101 1 2 3 380228224
110011111111 1 2 3 3970192941
100110100100 1 2 3 2556730465
111100001111 1 2 3 2017654469
100000111100 1 2 3 3893352108
110111001000 1 2 3 4232354307
011111011100 1 2 3 233500711
100111001111 1 2 3 808793269
000010100011 1 2 3 1681708188
000111000001 1 2 3 1100732049
000011001111 1 2 3 3625949085
111011011011 1 2 3 4055021786
100111111000 1 2 3 3417972946
010111110011 1 2 3 1163008756
000000010000 1 2 3 4012770799
010101111100 1 2 3 1617025988
111110101111 1 2 3 2047991379
000010100110 1 2 3 1132022269
111101101111 1 2 3 2243779125
111111010101 1 2 3 1748433366
101101011001 1 2 3 3053599745
010100110010 1 2 3 2865605026
110101001101 1 2 3 2632607783
110111011000 1 2 3 1442914914
110011001110 1 2 3 325754543
011111101111 1 2 3 3239267857
100000000001 1 2 3 1444803039
001100110111 1 2 3 978547413
111101110011 1 2 3 1847856549
001010100010 1 2 3 467132633
000000000100 1 2 3 1914509279
111110110101 1 2 3 2512999718
110001100110 1 2 3 1737749401
001111011110 1 2 3 3873358832
000101111101 1 2 3 2823924119
000011000101 1 2 3 2642584713
001010000001 1 2 3 2104223374
000100111111 1 2 3 589378560
101101110110 1 2 3 2439173543
100001001111 1 2 3 2628879289
011111111000 1 2 3 2133073317
001010111011 1 2 3 3607833128
000101100000 1 2 3 1409009975
101110110101 1 2 3 1305088069
000011001101 1 2 3 3945324841
000010010011 1 2 3 2344692526
001100010101 1 2 3 1289503666
111001111100 1 2 3 3885202329
100101111110 1 2 3 2282787698
000010111000 1 2 3 2614585561
100000011010 1 2 3 2851491226
011000011101 1 2 3 152738616
010111010011 1 2 3 15359271
011010101101 1 2 3 2701921231
010000110110 1 2 3 1993661370
111101011010 1 2 3 1292187878
000010110010 1 2 3 3729415117
011101011011 1 2 3 1584624823
011111011000 1 2 3 983325302
000100001000 1 2 3 3635290215
010101101011 1 2 3 3730212976
101000011011 1 2 3 3592255967
101110110011 1 2 3 1233898656
100101100100 1 2 3 1741166599
101000010000 1 2 3 2209578491
110110011101 1 2 3 3372438560
100110101110 1 2 3 3724128117
100011010011 1 2 3 818133868
001000110011 1 2 3 3863609549
010101000000 1 2 3 3460352903
111101101001 1 2 3 2180810448
011000011100 1 2 3 422161416
000000100000 1 2 3 13892189
011011010000 1 2 3 2807678879
001000001001 1 2 3 1277873259
100110111010 1 2 3 1087028549
101110000001 1 2 3 2504082854
100001010100 1 2 3 1666859004
110010111010 1 2 3 1940267119
011010100101 1 2 3 3618000495
010101000100 1 2 3 4181090774
111000111010 1 2 3 1536511071
001011011011 1 2 3 720668376
011110100110 1 2 3 533583778
101100011111 1 2 3 168037319
011110000000 1 2 3 1580485780
011001000111 1 2 3 1585838958
110001001000 1 2 3 1354771727
001100110011 1 2 3 220584068
011101010100 1 2 3 1017895618
010110110000 1 2 3 3725701203
010000111001 1 2 3 336360911
110010101111 1 2 3 4272293231
100110100010 1 2 3 2619687044
001110110101 1 2 3 1318021924
101010010011 1 2 3 3881587514
100100101001 1 2 3 2388667365
000000011000 1 2 3 2575581263
000100000010 1 2 3 2637370227
111100101001 1 2 3 968584691
110101101000 1 2 3 4262965909
100000010010 1 2 3 3747350586
100110010011 1 2 3 1676380166
010100000000 1 2 3 1980178596
101101111011 1 2 3 3230469478
100110100111 1 2 3 3143687653
010100001101 1 2 3 669579365
101011010100 1 2 3 1265193932
111011100100 1 2 3 2090330397
010001101100 1 2 3 558611436
111101001010 1 2 3 3879764103
110011011111 1 2 3 2837189118
111110110000 1 2 3 2995570759
111001100100 1 2 3 998016600
110011101110 1 2 3 1456658812
011010100010 1 2 3 3285493178
010111000001 1 2 3 2576913394
000110101010 1 2 3 3922361925
011000011100 1 2 3 422161416
100101111010 1 2 3 3211147555
101111001110 1 2 3 1339949296
111110100011 1 2 3 1003303330
110011001000 1 2 3 388710986
011110010111 1 2 3 3758300960
010010111111 1 2 3 1470547567
010100010011 1 2 3 4282833217
100000000010 1 2 3 1964617819
110011000010 1 2 3 1387688286
111101111101 1 2 3 483366112
110000011111 1 2 3 1454413208
000001111101 1 2 3 1128165854
111100010100 1 2 3 2276018816
110110011010 1 2 3 3715219445
001001111111 1 2 3 533791775
110010000110 1 2 3 3716624428
101101110010 1 2 3 2786361334
010110101011 1 2 3 570035222
110111010110 1 2 3 619363111
011001101100 1 2 3 1318303897
000101101001 1 2 3 895663015
001110001010 1 2 3 3282713315
100011100011 1 2 3 3745400030
000011110101 1 2 3 1920949051
110000100100 1 2 3 3974327822
010011010100 1 2 3 4294405819
001001000101 1 2 3 3048327353
010011110111 1 2 3 2571856108
011110011101 1 2 3 2778606644
101010101101 1 2 3 2051683789
100111000101 1 2 3 1973946273
001001011001 1 2 3 1579720489
111001001111 1 2 3 728417711
100001001111 1 2 3 2628879289
101010110000 1 2 3 2178962797
110010101010 1 2 3 3655571470
110010010101 1 2 3 1422313929
000101011000 1 2 3 3400299301
001101111010 1 2 3 3556458807
110001000101 1 2 3 19920334
011111110101 1 2 3 785106276
111000011100 1 2 3 443340649
100100111011 1 2 3 387114288
101001000001 1 2 3 2172787081
100011101001 1 2 3 2594404298
001111010111 1 2 3 2152182112
100110111000 1 2 3 1946012657
011101010010 1 2 3 954861095
100011111010 1 2 3 333614639
110101111000 1 2 3 1414662900
111110100010 1 2 3 738068114
011011101010 1 2 3 221842233
110010000111 1 2 3 3451127580
111001110100 1 2 3 2436447801
010111011011 1 2 3 1983912071
011110000100 1 2 3 1765992133
011110000110 1 2 3 1517654129
011100000001 1 2 3 166466785
001100111101 1 2 3 2144223681
001111001111 1 2 3 1554533537
111011010010 1 2 3 2536229450
000010010101 1 2 3 2407593931
011101011010 1 2 3 1312834439
101100001110 1 2 3 2960295062
101111100110 1 2 3 2093744771
010000110110 1 2 3 1993661370
101101000001 1 2 3 1793966528
000101110111 1 2 3 3989609091
111000111011 1 2 3 1269201775
101100100000 1 2 3 2267109888
110101011011 1 2 3 854461603
101100100000 1 2 3 2267109888
010011101100 1 2 3 1721816233
100101101111 1 2 3 845552675
111101110101 1 2 3 1785057600
100101110010 1 2 3 3385621635
000010011100 1 2 3 3910763867
001111110111 1 2 3 3321886387
101110110111 1 2 3 2130536177
010011000111 1 2 3 1991677790
001100011001 1 2 3 218147907
100110101100 1 2 3 4006533569
101110001011 1 2 3 3504109234
110001100101 1 2 3 1150792221
011000011000 1 2 3 777979481
010110101010 1 2 3 835271462
110111011100 1 2 3 1635223603
100011101011 1 2 3 2845049214
000001011011 1 2 3 46656232
111010111110 1 2 3 721979723
110011011100 1 2 3 2316849274
001000000111 1 2 3 1052857646
111110111001 1 2 3 3558193879
100011111001 1 2 3 820432811
110110011111 1 2 3 4197720724
010100101001 1 2 3 1428559335
000010011011 1 2 3 4251676302
001100110111 1 2 3 978547413
111001001010 1 2 3 204429518
001100110000 1 2 3 773953792
001111001011 1 2 3 1809770224
010011001110 1 2 3 271574478
111000110010 1 2 3 759106047
111001100000 1 2 3 201993225
010111010001 1 2 3 870132627
001001010110 1 2 3 1022374236
100110011011 1 2 3 356634022
101001011000 1 2 3 1298060152
111101100100 1 2 3 3490930193
111011111010 1 2 3 2755250233
001000110101 1 2 3 3792428072
111000111101 1 2 3 1340581770
001010010101 1 2 3 3763926206
110111111010 1 2 3 546181893
010010011101 1 2 3 556398344
000011111011 1 2 3 9749118
110101100010 1 2 3 3146416513
000000011101 1 2 3 3200376110
100111101100 1 2 3 1451832034
101110001001 1 2 3 3823828998
011101011111 1 2 3 1761992422
110001001011 1 2 3 1942252683
110110000010 1 2 3 27148852
010100111011 1 2 3 3428113202
011011111001 1 2 3 2222519004
000001000110 1 2 3 4184705608
101100001101 1 2 3 2474034450
111000010010 1 2 3 1753697836
100001110111 1 2 3 98974123
111101001010 1 2 3 3879764103
010010011110 1 2 3 36550284
100011101111 1 2 3 2665655087
000000110101 1 2 3 2379472733
101011110110 1 2 3 1038508715
111010011011 1 2 3 1240814585
110111010001 1 2 3 815288562
000110101000 1 2 3 3674015985
110000001010 1 2 3 3685789848
101111010001 1 2 3 2269320932
100100111011 1 2 3 387114288
011101011000 1 2 3 2104964403
111001001100 1 2 3 141460523
000000011001 1 2 3 2310502271
011000101010 1 2 3 4069887839
111011100010 1 2 3 2027304440
100100101110 1 2 3 2584920112
000010001110 1 2 3 1886079886
101010000011 1 2 3 1293544283
011111011011 1 2 3 429399026
111110000011 1 2 3 2121627249
101100101011 1 2 3 3532611108
010100100111 1 2 3 667782306
001111000011 1 2 3 494183248
000000100011 1 2 3 601340889
001010000001 1 2 3 2104223374
110110110011 1 2 3 4266691254
011111000010 1 2 3 3578056963
100100110011 1 2 3 1639489680
101111101010 1 2 3 1024519538
100000110111 1 2 3 3181499016
000000111010 1 2 3 4010504488
110011001011 1 2 3 875496398
111110000000 1 2 3 1567700981
101011001001 1 2 3 2965582700
101101100101 1 2 3 404958274
111100000001 1 2 3 178876288
110101110010 1 2 3 298793440
110111010001 1 2 3 815288562
100010011111 1 2 3 3378036670
000111100011 1 2 3 924116982
101011011001 1 2 3 445025037
001110010111 1 2 3 939547203
000010110000 1 2 3 3984403833
000001010011 1 2 3 1953345352
101110001111 1 2 3 3886734563
110011001100 1 2 3 543025179
111110101111 1 2 3 2047991379
100001111101 1 2 3 1081805503
101110011100 1 2 3 1860904198
001010010101 1 2 3 3763926206
101100110011 1 2 3 241214437
001000110110 1 2 3 3239026092
100001010011 1 2 3 1999164457
010101110111 1 2 3 902815712
100111000101 1 2 3 1973946273
010011101011 1 2 3 1926381436
001111011111 1 2 3 4142789824
001010010101 1 2 3 3763926206
011011001110 1 2 3 2146952891
000100100000 1 2 3 3954975252
110101111100 1 2 3 1663344805
000000100000 1 2 3 13892189
100001110011 1 2 3 848335866
110100110111 1 2 3 2395819938
010011111100 1 2 3 3437587656
011101110101 1 2 3 1763748385
100110001001 1 2 3 2352153459
011100010000 1 2 3 3013254064
000010000011 1 2 3 562336591
111011100001 1 2 3 1540519036
011010001110 1 2 3 3350203800
010100010101 1 2 3 4211541412
101010010010 1 2 3 4151272458
001001000001 1 2 3 2194105064
000010010001 1 2 3 3103153562
000011001000 1 2 3 3429727304
100100111010 1 2 3 119656960
101111101001 1 2 3 504671478
000111001110 1 2 3 591624420
110110101101 1 2 3 654224274
001110010110 1 2 3 674458995
101011100110 1 2 3 2544097994
001111101010 1 2 3 1045796371
100110111111 1 2 3 1737433124
101110001100 1 2 3 3299777895
